/Users/VeaVictis/Documents/Usi/V Semester/Artificial Intelligence/AI_Cup_JAVA/reports/2016:11:13-15:39:42-pcb442.tsp.txt
VERSION:5.0 create not initialize
PARAMS: alpha= 1.0 beta= 5 ant= 10 memory=0.05 q= 0.95
ITERATION: 21.824625331896502
SEED: -4640425106739765604
TOUR: [365, 344, 366, 367, 368, 369, 370, 371, 372, 373, 374, 337, 336, 426, 335, 334, 306, 333, 431, 332, 331, 330, 305, 304, 329, 328, 303, 302, 327, 326, 301, 300, 325, 324, 299, 298, 297, 323, 428, 429, 322, 296, 295, 321, 320, 319, 318, 317, 316, 315, 314, 313, 287, 286, 312, 339, 311, 285, 284, 310, 338, 309, 283, 282, 308, 307, 439, 279, 425, 276, 273, 270, 269, 266, 239, 234, 227, 405, 400, 185, 172, 161, 149, 136, 126, 385, 440, 103, 114, 386, 388, 115, 137, 391, 151, 150, 173, 395, 398, 186, 174, 392, 162, 152, 139, 138, 127, 116, 104, 105, 106, 117, 128, 140, 153, 164, 163, 176, 188, 396, 175, 187, 199, 212, 221, 229, 228, 220, 211, 210, 402, 406, 240, 241, 242, 243, 244, 245, 246, 247, 248, 249, 414, 424, 420, 423, 288, 289, 290, 291, 292, 293, 294, 277, 416, 417, 252, 251, 250, 230, 222, 213, 401, 200, 201, 189, 190, 202, 214, 223, 231, 253, 254, 255, 256, 257, 258, 259, 418, 421, 260, 261, 235, 262, 263, 415, 267, 419, 271, 437, 422, 274, 436, 264, 236, 413, 409, 410, 225, 219, 209, 198, 183, 170, 159, 147, 134, 124, 112, 382, 383, 97, 96, 379, 95, 378, 94, 62, 63, 64, 32, 376, 375, 31, 30, 29, 28, 61, 93, 435, 111, 123, 133, 146, 158, 169, 182, 197, 208, 218, 217, 207, 196, 181, 168, 157, 145, 132, 122, 110, 100, 92, 91, 90, 89, 88, 87, 377, 86, 54, 55, 56, 57, 58, 59, 60, 27, 26, 25, 24, 23, 22, 21, 20, 53, 85, 381, 380, 108, 384, 120, 109, 121, 131, 390, 143, 144, 156, 167, 180, 193, 194, 195, 206, 205, 204, 216, 403, 412, 411, 408, 407, 232, 224, 215, 203, 192, 191, 179, 166, 155, 142, 130, 119, 387, 389, 393, 394, 178, 397, 177, 165, 154, 141, 129, 118, 107, 438, 82, 81, 80, 99, 79, 47, 48, 49, 50, 51, 83, 84, 52, 19, 18, 17, 16, 15, 14, 13, 46, 78, 77, 45, 12, 11, 44, 76, 98, 75, 74, 42, 43, 10, 9, 8, 7, 6, 39, 40, 41, 73, 72, 71, 70, 69, 37, 38, 5, 4, 3, 2, 1, 0, 441, 33, 34, 35, 36, 68, 67, 66, 65, 101, 102, 113, 125, 135, 148, 160, 171, 184, 399, 404, 226, 233, 238, 237, 265, 268, 272, 275, 278, 280, 281, 427, 340, 341, 345, 346, 347, 432, 348, 349, 350, 351, 342, 352, 353, 354, 433, 355, 356, 357, 434, 358, 359, 360, 343, 361, 362, 363, 430, 364]
COST: 50931
ERROR: 0.30131159163417226
 